670 123 10 9
0 486 862
8 380 270
12 877 174
13 575 364
14 948 673
16 938 144
17 207 916
19 93 141
24 679 435
25 173 459
25 370 27
28 307 182
30 640 918
38 509 682
44 633 124
46 218 984
48 161 297
51 683 945
53 66 368
53 777 60
58 544 449
60 424 746
63 61 175
66 46 658
69 103 575
72 379 146
78 167 155
80 172 896
81 542 3
85 828 250
89 72 14
94 573 866
98 819 248
102 146 742
102 298 980
104 859 631
107 495 480
111 229 872
111 516 185
114 11 776
115 306 683
115 429 871
115 773 262
121 24 722
124 125 750
126 886 44
128 566 675
131 945 45
137 83 358
137 342 396
140 869 805
143 791 309
144 841 749
145 456 101
147 475 802
147 898 911
149 796 694
153 978 331
160 789 69
161 77 399
162 590 87
163 293 719
163 383 118
172 193 741
175 288 850
176 358 336
178 396 377
178 690 708
183 630 80
183 720 747
187 153 416
187 220 953
188 772 233
191 122 741
193 586 470
193 961 459
199 834 36
209 425 671
211 24 742
212 359 433
213 844 987
218 409 397
228 731 672
231 601 473
231 724 337
233 399 732
236 702 327
237 211 586
239 180 400
244 586 188
245 4 577
253 582 72
254 892 444
260 848 495
261 262 308
271 256 864
271 596 70
272 523 231
273 237 206
275 847 48
281 225 289
282 560 247
285 953 733
287 459 550
287 662 684
288 536 454
289 412 100
293 530 13
295 648 386
300 498 85
310 537 872
312 318 271
312 727 74
317 879 138
324 346 402
328 268 390
330 4 554
331 814 961
331 846 689
332 535 767
337 228 378
337 774 873
337 912 570
338 279 866
338 562 29
338 717 928
340 778 633
341 330 518
345 383 536
349 478 606
349 849 701
350 473 445
353 414 336
354 38 722
355 432 441
357 102 143
361 764 437
370 481 535
371 830 785
373 25 605
375 466 720
377 997 27
378 745 930
381 254 461
385 83 975
390 948 578
391 502 422
392 765 909
393 599 259
394 618 235
395 484 264
400 44 48
401 329 271
403 120 547
404 220 476
405 727 777
408 981 858
412 482 356
426 890 597
428 164 436
434 925 80
436 666 149
436 796 606
444 330 749
445 175 759
448 499 705
450 192 459
455 575 371
461 51 356
470 12 28
470 546 725
472 223 870
473 593 477
475 121 148
480 661 825
485 948 512
491 987 477
493 145 840
500 336 357
503 518 730
506 94 49
510 284 77
510 620 721
511 937 723
512 658 641
516 63 826
517 994 692
518 318 924
519 276 922
524 566 514
530 466 786
535 861 261
537 573 885
538 69 270
538 164 458
538 419 707
538 902 327
542 578 371
542 734 421
543 618 204
544 607 360
545 181 662
552 958 718
553 558 32
554 956 765
555 289 405
558 99 845
558 375 334
558 401 366
560 957 142
561 423 552
564 608 880
570 843 596
575 137 136
575 449 636
581 985 803
582 968 45
586 820 805
593 627 85
614 375 424
622 177 804
626 336 290
630 698 415
631 723 783
635 547 165
637 832 341
642 526 651
645 647 878
646 240 700
648 391 153
648 914 707
657 349 692
657 897 871
662 813 22
664 426 838
667 707 498
670 451 196
676 357 872
676 385 54
676 557 671
677 269 66
678 441 793
678 828 605
683 337 620
683 957 400
686 241 828
686 986 479
691 961 478
694 606 24
695 190 46
700 623 253
705 809 715
708 167 690
722 134 329
723 920 464
729 513 918
732 824 93
733 219 64
736 884 694
745 420 567
752 874 361
754 381 753
755 640 68
758 33 189
767 32 724
770 390 753
771 173 742
771 564 259
779 573 148
782 849 314
782 934 433
785 650 671
796 36 634
796 577 512
798 415 937
800 407 41
800 617 573
802 120 75
803 786 145
804 185 811
804 325 494
804 684 135
807 705 929
808 809 253
808 972 420
812 30 56
814 920 679
815 866 916
822 222 792
825 552 836
825 612 445
827 810 290
830 929 69
831 180 390
838 90 863
839 826 939
840 97 801
846 58 824
849 334 112
850 787 927
853 402 758
855 592 350
856 248 442
857 815 446
861 97 283
865 943 948
867 598 492
869 905 420
870 913 480
880 530 607
888 51 313
889 578 446
894 98 458
899 86 522
900 292 134
901 328 941
901 867 195
902 935 290
908 239 682
914 813 908
915 532 193
916 28 642
919 720 234
920 484 286
922 476 521
923 307 425
927 543 364
927 940 544
929 32 528
929 902 946
931 19 860
934 566 322
935 17 838
945 809 211
948 0 800
948 31 805
948 88 378
954 731 333
960 845 971
970 180 525
970 218 588
974 977 409
979 512 826
980 4 762
981 765 516
984 806 24
992 528 432
992 693 180
992 777 294
994 410 11
994 968 289
995 787 329
997 398 950
997 649 531
1006 71 728
1010 281 541
1012 968 56
1013 321 709
1015 211 477
1018 933 325
1020 156 657
1022 537 988
1024 257 567
1026 513 849
1027 600 836
1029 21 628
1030 589 801
1031 137 877
1032 288 590
1033 116 481
1034 392 807
1036 837 234
1039 494 513
1040 178 165
1042 38 117
1045 59 224
1053 74 173
1054 110 794
1055 387 79
1058 886 160
1062 204 374
1063 492 719
1064 134 419
1065 349 377
1067 18 720
1067 420 313
1068 375 493
1068 897 603
1071 86 755
1073 580 530
1074 808 130
1075 277 911
1079 515 466
1081 423 636
1083 393 348
1083 403 383
1088 376 446
1094 177 685
1095 68 347
1095 822 336
1107 26 216
1109 585 732
1110 16 567
1120 649 695
1127 499 725
1130 160 131
1132 835 623
1135 42 573
1135 811 361
1143 673 866
1149 602 582
1151 184 322
1154 661 157
1161 190 984
1162 490 517
1165 420 566
1170 601 756
1172 282 793
1177 558 738
1180 195 862
1192 70 822
1192 124 185
1193 660 824
1194 598 442
1197 186 159
1197 811 573
1202 297 583
1205 522 236
1206 862 297
1207 586 566
1220 621 252
1227 904 515
1234 517 883
1234 604 743
1235 197 986
1243 129 268
1248 228 317
1248 735 782
1249 759 107
1254 410 397
1262 463 105
1262 683 960
1268 574 526
1273 636 419
1276 297 15
1279 576 947
1285 734 278
1286 102 502
1290 957 316
1291 215 531
1292 510 488
1293 872 460
1295 32 240
1300 660 116
1307 864 942
1313 95 860
1314 395 669
1315 359 891
1320 125 168
1320 653 558
1323 649 323
1326 888 901
1336 310 342
1336 496 902
1338 550 769
1340 561 460
1340 900 623
1354 138 903
1358 303 285
1364 894 113
1367 452 630
1371 595 882
1377 129 577
1377 956 572
1379 26 844
1380 82 248
1383 887 380
1384 989 415
1388 642 882
1388 662 589
1392 23 724
1392 326 288
1393 313 500
1393 464 60
1395 111 375
1395 931 894
1402 135 256
1411 667 280
1414 24 54
1415 231 594
1420 998 744
1421 776 878
1423 137 889
1423 243 987
1431 151 811
1431 492 480
1438 634 630
1438 975 296
1439 135 648
1440 725 514
