22 100 7 10
3 3 100
10 56 59
18 65 3
20 46 94
24 45 19
31 95 70
36 51 67
37 43 77
40 37 13
40 77 89
58 61 40
58 91 80
61 70 95
68 1 86
68 43 10
68 75 2
75 95 0
77 32 97
80 32 45
82 16 24
83 94 76
86 89 45
91 32 44
95 45 100
98 39 90
98 42 30
101 99 86
106 12 72
108 92 44
110 73 1
110 77 60
115 37 62
115 53 36
117 41 98
124 20 34
131 96 28
138 1 26
159 44 75
163 54 94
165 84 27
166 33 73
167 47 25
171 56 92
180 76 23
181 46 94
185 1 52
189 31 60
193 51 2
194 79 82
208 83 39
215 47 67
218 39 49
230 53 100
232 62 37
236 18 1
237 33 9
243 92 21
249 45 84
257 96 22
260 89 74
268 2 72
282 40 21
284 48 83
289 41 52
299 75 7
305 32 86
309 57 84
330 78 10
331 46 99
337 14 13
337 32 95
338 72 32
339 17 12
345 66 19
355 64 57
356 20 48
361 24 85
362 43 3
369 90 20
373 37 58
374 56 0
378 26 38
378 100 40
383 55 86
397 26 43
400 66 69
400 80 21
400 83 46
414 49 75
420 58 11
430 99 62
438 20 12
458 48 88
465 76 17
467 4 30
478 57 45
482 79 95
491 21 67
494 40 2
496 91 16
